1.031828079223632812e+02
9.566854095458984375e+01
6.069260025024414062e+01
4.313542938232421875e+01
3.479409408569335938e+01
2.776439666748046875e+01
2.766326141357421875e+01
2.420671272277832031e+01
2.100972938537597656e+01
1.877184486389160156e+01
1.825231742858886719e+01
1.696853065490722656e+01
1.407497215270996094e+01
1.345866584777832031e+01
1.124495315551757812e+01
1.050634860992431641e+01
1.045322513580322266e+01
1.016666221618652344e+01
9.403193473815917969e+00
8.697093963623046875e+00
8.366784095764160156e+00
7.573175430297851562e+00
7.421993732452392578e+00
7.175876617431640625e+00
6.694856166839599609e+00
6.609914302825927734e+00
6.394573211669921875e+00
6.032481670379638672e+00
6.031355381011962891e+00
5.338684558868408203e+00
5.145238876342773438e+00
5.112681388854980469e+00
5.004620075225830078e+00
4.974018573760986328e+00
4.814919948577880859e+00
4.734435558319091797e+00
4.285939216613769531e+00
3.971984148025512695e+00
3.971856117248535156e+00
3.753386497497558594e+00
3.669133424758911133e+00
3.578326463699340820e+00
3.483742237091064453e+00
3.311911344528198242e+00
3.139082670211791992e+00
3.108502388000488281e+00
3.022727251052856445e+00
2.984299659729003906e+00
2.859831809997558594e+00
2.833900928497314453e+00
2.755693197250366211e+00
2.742290258407592773e+00
2.523193836212158203e+00
2.451685428619384766e+00
2.441256761550903320e+00
2.379939079284667969e+00
2.357637166976928711e+00
2.252062797546386719e+00
2.231155633926391602e+00
2.168044567108154297e+00
2.127068758010864258e+00
2.045018196105957031e+00
2.041277647018432617e+00
2.012953281402587891e+00
2.005952835083007812e+00
1.955849528312683105e+00
1.935137510299682617e+00
1.874186635017395020e+00
1.829447269439697266e+00
1.807976007461547852e+00
1.798697710037231445e+00
1.765719175338745117e+00
1.662169933319091797e+00
1.660003185272216797e+00
1.633037924766540527e+00
1.625466108322143555e+00
1.608945488929748535e+00
1.607636570930480957e+00
1.600903630256652832e+00
1.565548300743103027e+00
1.555794477462768555e+00
1.520662426948547363e+00
1.516777276992797852e+00
1.480778694152832031e+00
1.462243556976318359e+00
1.427065491676330566e+00
1.411217451095581055e+00
1.398631095886230469e+00
1.364845037460327148e+00
1.355186700820922852e+00
1.346644043922424316e+00
1.338635683059692383e+00
1.327934265136718750e+00
1.310287356376647949e+00
1.287073850631713867e+00
1.259063243865966797e+00
1.218294143676757812e+00
1.190768599510192871e+00
1.139584541320800781e+00
1.127703666687011719e+00
1.127283215522766113e+00
1.092749476432800293e+00
1.061315417289733887e+00
1.040784716606140137e+00
1.030719995498657227e+00
1.003454208374023438e+00
1.000035881996154785e+00
9.665775299072265625e-01
9.630764126777648926e-01
9.550484418869018555e-01
9.314393401145935059e-01
9.235842823982238770e-01
9.105998873710632324e-01
8.669779896736145020e-01
8.544918298721313477e-01
8.450148105621337891e-01
8.216010928153991699e-01
8.042898178100585938e-01
7.873371839523315430e-01
7.616593241691589355e-01
7.413730621337890625e-01
7.263383865356445312e-01
7.158536911010742188e-01
7.149648666381835938e-01
6.883103251457214355e-01
6.826061010360717773e-01
6.503386497497558594e-01
5.366221070289611816e-01
5.077308416366577148e-01
2.871714234352111816e-01
2.232837432529777288e-04
1.937306515173986554e-04
4.919727507513016462e-05
4.453564542927779257e-05
3.619944982347078621e-05
2.667792978172656149e-05
