7.763617706298828125e+01
5.448361206054687500e+01
3.448307800292968750e+01
1.991018867492675781e+01
1.596661090850830078e+01
1.414914703369140625e+01
1.229103565216064453e+01
1.144200325012207031e+01
1.003643321990966797e+01
9.386501312255859375e+00
8.581890106201171875e+00
8.169677734375000000e+00
7.906897544860839844e+00
6.675380229949951172e+00
6.112782001495361328e+00
5.862775802612304688e+00
5.286133289337158203e+00
4.913509845733642578e+00
4.832731246948242188e+00
4.741940498352050781e+00
4.589621067047119141e+00
4.137164592742919922e+00
4.037960052490234375e+00
3.861081600189208984e+00
3.779168367385864258e+00
3.620183229446411133e+00
3.475615978240966797e+00
3.316045284271240234e+00
3.153186798095703125e+00
3.043802976608276367e+00
2.927801609039306641e+00
2.870085954666137695e+00
2.832670450210571289e+00
2.724978208541870117e+00
2.613666296005249023e+00
2.461195468902587891e+00
2.366128683090209961e+00
2.293519973754882812e+00
2.214362859725952148e+00
2.146535158157348633e+00
1.907979846000671387e+00
1.876132249832153320e+00
1.859354138374328613e+00
1.775403857231140137e+00
1.764379143714904785e+00
1.694374799728393555e+00
1.665422201156616211e+00
1.622999191284179688e+00
1.610870122909545898e+00
1.546877861022949219e+00
1.523749709129333496e+00
1.483136296272277832e+00
1.481248021125793457e+00
1.423740625381469727e+00
1.406941294670104980e+00
1.378324389457702637e+00
1.357655882835388184e+00
1.335111260414123535e+00
1.306033492088317871e+00
1.282203078269958496e+00
1.257453680038452148e+00
1.242352485656738281e+00
1.201884031295776367e+00
1.184469342231750488e+00
1.166077256202697754e+00
1.114611506462097168e+00
1.102498888969421387e+00
1.085692048072814941e+00
1.060934782028198242e+00
1.029542326927185059e+00
1.017418980598449707e+00
1.005733728408813477e+00
9.654799103736877441e-01
9.343039393424987793e-01
9.260154366493225098e-01
9.126370549201965332e-01
8.995376825332641602e-01
8.933218717575073242e-01
8.765093088150024414e-01
8.631937503814697266e-01
8.594997525215148926e-01
8.442590236663818359e-01
8.324881792068481445e-01
8.141325116157531738e-01
8.030978441238403320e-01
7.934148907661437988e-01
7.738255858421325684e-01
7.693558931350708008e-01
7.474056482315063477e-01
7.435721158981323242e-01
7.271158099174499512e-01
7.163758873939514160e-01
7.030839323997497559e-01
6.789638996124267578e-01
6.737074851989746094e-01
6.597926020622253418e-01
6.343482136726379395e-01
6.245849728584289551e-01
6.192614436149597168e-01
6.046380400657653809e-01
5.935505032539367676e-01
5.786783099174499512e-01
5.713734626770019531e-01
5.640091300010681152e-01
5.604548454284667969e-01
5.492605566978454590e-01
5.269949436187744141e-01
5.183300971984863281e-01
5.088832378387451172e-01
4.984530508518218994e-01
4.879687726497650146e-01
4.835968017578125000e-01
4.738907814025878906e-01
4.641085565090179443e-01
4.461972415447235107e-01
4.422465264797210693e-01
4.404929280281066895e-01
4.266946017742156982e-01
4.236666858196258545e-01
4.139477312564849854e-01
4.108542203903198242e-01
4.007500708103179932e-01
3.902464807033538818e-01
3.863844573497772217e-01
3.740646839141845703e-01
3.641172349452972412e-01
3.496397733688354492e-01
3.446161448955535889e-01
3.107274472713470459e-01
2.185715436935424805e-01
1.521436497569084167e-04
1.100038352888077497e-04
2.406101702945306897e-05
2.068835783575195819e-05
1.945491385413333774e-05
1.268230789719382301e-05
