1.970495758056640625e+02
1.147242965698242188e+02
7.450263214111328125e+01
4.619513702392578125e+01
3.563884353637695312e+01
2.953556442260742188e+01
2.518301963806152344e+01
2.209227180480957031e+01
1.681234169006347656e+01
1.483633422851562500e+01
1.392493820190429688e+01
1.294036865234375000e+01
1.165308284759521484e+01
1.114840412139892578e+01
9.776822090148925781e+00
8.556041717529296875e+00
8.135818481445312500e+00
8.057154655456542969e+00
7.755284786224365234e+00
7.051324844360351562e+00
6.971053600311279297e+00
6.026376247406005859e+00
5.712540626525878906e+00
5.444037437438964844e+00
5.380769252777099609e+00
5.245779514312744141e+00
5.084469318389892578e+00
4.777353763580322266e+00
4.659717559814453125e+00
4.281981468200683594e+00
4.220893383026123047e+00
4.155749320983886719e+00
4.146553993225097656e+00
3.788559436798095703e+00
3.753429412841796875e+00
3.653527259826660156e+00
3.541052818298339844e+00
3.238025188446044922e+00
3.161108016967773438e+00
2.992911100387573242e+00
2.964578628540039062e+00
2.928684711456298828e+00
2.812888145446777344e+00
2.672780752182006836e+00
2.297840595245361328e+00
2.162400960922241211e+00
2.125375986099243164e+00
2.069871425628662109e+00
2.011986732482910156e+00
1.985482931137084961e+00
1.916026353836059570e+00
1.875906825065612793e+00
1.837199926376342773e+00
1.768927335739135742e+00
1.732427358627319336e+00
1.714664340019226074e+00
1.667707800865173340e+00
1.633123993873596191e+00
1.602980017662048340e+00
1.585176110267639160e+00
1.543024063110351562e+00
1.507443666458129883e+00
1.486185431480407715e+00
1.423241972923278809e+00
1.388038516044616699e+00
1.372025370597839355e+00
1.328630685806274414e+00
1.319206714630126953e+00
1.295352339744567871e+00
1.281113266944885254e+00
1.258739233016967773e+00
1.223977208137512207e+00
1.198363065719604492e+00
1.166336297988891602e+00
1.107284784317016602e+00
1.077126860618591309e+00
1.055412054061889648e+00
1.015959739685058594e+00
9.891035556793212891e-01
9.715236425399780273e-01
9.593613147735595703e-01
9.326089024543762207e-01
9.173798561096191406e-01
9.023692011833190918e-01
8.879134654998779297e-01
8.786404728889465332e-01
8.638746142387390137e-01
8.559817671775817871e-01
8.491606116294860840e-01
8.322493433952331543e-01
8.189594745635986328e-01
8.083713650703430176e-01
7.968765497207641602e-01
7.838517427444458008e-01
7.731590270996093750e-01
7.560074925422668457e-01
7.524335980415344238e-01
7.510975599288940430e-01
7.457538247108459473e-01
7.109788060188293457e-01
6.914134025573730469e-01
6.808288097381591797e-01
6.761116385459899902e-01
6.582429409027099609e-01
6.515301465988159180e-01
6.346591114997863770e-01
6.292785406112670898e-01
6.262359619140625000e-01
6.150320768356323242e-01
6.042692661285400391e-01
5.963109135627746582e-01
5.879486799240112305e-01
5.791180729866027832e-01
5.688433647155761719e-01
5.627683997154235840e-01
5.566114783287048340e-01
5.424736738204956055e-01
5.290962457656860352e-01
5.219849944114685059e-01
5.168567895889282227e-01
5.056280493736267090e-01
4.916095137596130371e-01
4.908132255077362061e-01
4.677435755729675293e-01
4.633058011531829834e-01
4.573886096477508545e-01
4.397208690643310547e-01
4.285275936126708984e-01
4.175726473331451416e-01
4.158701598644256592e-01
3.877090513706207275e-01
3.767875134944915771e-01
3.591192364692687988e-01
3.540259003639221191e-01
3.483022153377532959e-01
2.917855679988861084e-01
